.Random.seed <-
c(403L, 11L, 320936611L, 1142489074L, -1080536252L, 44006407L, 
-1413473827L, 334390996L, 1796852218L, -1044732603L, 676884895L, 
1330221862L, -1359254608L, 2076153939L, 2118194033L, 908518048L, 
90084926L, -92398263L, 70312955L, -652245046L, 211958060L, 1022580015L, 
-72623131L, 625877660L, 697837298L, 1780545389L, -2045984601L, 
-57425202L, -474288088L, -1069904853L, -422363575L, -211060904L, 
-1348984314L, -2041017375L, 605137267L, -99939870L, 864988500L, 
1458848855L, 96544845L, 792357860L, -1005237814L, -1339207627L, 
1583976079L, 552804246L, 304620352L, 1217138179L, -901753823L, 
-1026156784L, -248394514L, 420369561L, 946389291L, -342198246L, 
159773404L, 297710303L, -1684476747L, -50116020L, 1236809378L, 
1548033533L, -2041891081L, 1686724638L, 332329688L, 1921816123L, 
-1776639015L, 336941416L, 1092495510L, 1374070289L, -1879449661L, 
-1322114094L, 514907748L, -1253102169L, -1002306819L, 2016753396L, 
-1787239974L, -1201691355L, -1240914881L, 1822544838L, -148357040L, 
1807215731L, 1530790033L, -1202511680L, 1403357854L, 1194575465L, 
1342961307L, -745612374L, -311476276L, 532624015L, -604202299L, 
1059385980L, 435035858L, 1404238413L, 1008998151L, 1048443630L, 
-1709903928L, -645877557L, -1303211735L, -1273058952L, -114213210L, 
-839735103L, 885825875L, -202469886L, -1109338316L, -1841539913L, 
1171309741L, 1254973892L, -1809219094L, -112517547L, -522539025L, 
651239414L, 402577696L, -2031921437L, 914239361L, 1592539632L, 
-938006386L, -1790816263L, -1818647157L, -1146994246L, 1211056316L, 
575595519L, 151351637L, 2104683116L, 148405954L, 2029463837L, 
104218519L, -1865385218L, 1585242296L, -1680676197L, 1959905529L, 
-497780152L, 865543542L, -1387465551L, -1872824093L, 1875015602L, 
155641860L, -873153721L, -709176803L, -1350178668L, -1343510470L, 
-848704891L, 288783199L, 908694502L, 442228336L, 199561619L, 
52057649L, 1084689632L, 1856560510L, -1974661111L, 634781755L, 
-2059121142L, 1361534444L, -116600209L, -2009653851L, -1074504356L, 
-2082234062L, 769130541L, -1024672025L, -1113861106L, -235151896L, 
430000107L, 13228169L, -1416545256L, 1352473414L, -1522407007L, 
-206797L, 1972082082L, 1987965076L, -1556080873L, -1019780851L, 
1049921572L, -312063990L, -1079902859L, -1697223473L, -1204568106L, 
-940081280L, -750947389L, -1866549919L, -1998959664L, -121214162L, 
2143508185L, 428721387L, -2034727590L, -536135908L, 677720607L, 
-1223339403L, -392716532L, 723358434L, -1060665411L, -260030409L, 
561859294L, -461687272L, 741464443L, 352063769L, -1709933144L, 
-39853738L, -1657986607L, -450797181L, 927752210L, 227513252L, 
-215342233L, -1667581763L, 1317535796L, -421440614L, -1023123483L, 
-669062273L, -2057987322L, -667478896L, -30726861L, -110771503L, 
1279838336L, 1342959966L, 210306729L, 1081733467L, -2067522710L, 
333206028L, 1434333775L, -231563515L, -1273899076L, 174084754L, 
-580675187L, -1318403641L, 651272878L, -1107006712L, 995809547L, 
-697440279L, -860798792L, -1038751898L, 376194049L, -2080787821L, 
-853125822L, 475511540L, 1628044146L, -48939408L, -1545382876L, 
-825029832L, -438637414L, -1783311664L, 1758544060L, 661024404L, 
1244444290L, -620902208L, -662133956L, -1496998768L, 1767718434L, 
-1306603512L, 497982732L, 277490844L, 1895546386L, 2023702400L, 
2035404308L, -354866648L, -1997720262L, -460650032L, 1082635372L, 
-395302604L, -1744890222L, 1036208992L, -1866943668L, 546453472L, 
-1239525470L, 1722419112L, -753341044L, 1382680764L, 464177522L, 
1341084912L, 1544941636L, -271605416L, 2139547194L, -381568144L, 
-1350158276L, 989093652L, 467445186L, -1989657888L, 1750718332L, 
-613998896L, -315352926L, 391662632L, -52632308L, -605296708L, 
294824242L, 242575808L, 1613449780L, -243016760L, -1099958086L, 
585443728L, 155292140L, -1711652268L, -1012830062L, -720130272L, 
2122230220L, -831990304L, -872352062L, -1617009624L, 1201975980L, 
-7183172L, -49272334L, 1966158128L, 1702581412L, 781076152L, 
-1815331494L, -185141872L, -369142916L, 1848994068L, -114457790L, 
-772728064L, -433932356L, -554377392L, 1226244898L, 1122016584L, 
980101644L, -2028697508L, 171998418L, 608836096L, -511677100L, 
-740730392L, -44413958L, -1688698672L, 1060965676L, -1447910668L, 
376560018L, -138562464L, -29645556L, 736547552L, -918861470L, 
1629428392L, -497057204L, 1087713660L, 1284244786L, 312193136L, 
-1768470716L, 984661464L, 1022004346L, -2114720208L, -1040659780L, 
75571028L, -468347838L, -1535230560L, 768871100L, 189643216L, 
712539490L, -1848872984L, -1319680052L, 1103859452L, -959225358L, 
1073252480L, 1829668084L, -1945139576L, 312956730L, -1488899248L, 
1276094060L, -1904689004L, 1316245842L, 575635168L, 253227724L, 
939258016L, 408304514L, 2028663528L, 31331052L, 1078598716L, 
-770338190L, -476810128L, 374179364L, 1277346872L, -1926416358L, 
604150480L, -1015573444L, 1884234900L, 1677106306L, -146946112L, 
837179708L, -1088580976L, 750939170L, -595344376L, 1883654284L, 
1809382428L, 357701266L, 970540160L, 2090160148L, 273065256L, 
-654176710L, 736240848L, -1731177364L, -708840780L, -330262510L, 
84527072L, -676040756L, -324497952L, 193560098L, 1132374312L, 
1214976268L, 2040309308L, -1234530062L, -1152898320L, 445567812L, 
18717272L, -1748745670L, -449853712L, -512570180L, 1565052436L, 
-237780798L, 141516896L, -1772589700L, 1779514576L, -1898705886L, 
301152936L, -347897972L, -554411588L, 1577993266L, 1828849472L, 
-1207494476L, -1095224504L, -1900098886L, 1281740560L, 1796143340L, 
1815319636L, -2108770542L, -786943072L, -1380835380L, -1036833952L, 
1336139970L, 1072367144L, -826354260L, 308776764L, -1450418318L, 
-1617267920L, 739582500L, 524365880L, -1358082854L, -1409400432L, 
-209225988L, 571789204L, -575184062L, 1891047936L, -1780719044L, 
912479824L, -1477700958L, -786121912L, 899947020L, -1650119460L, 
2074931794L, 1611614336L, 1480620884L, -284683800L, -1620890886L, 
196269904L, 365061164L, 201348468L, -1628692846L, -1200342432L, 
-423161204L, -647337120L, -1864617246L, 1828575400L, -127708980L, 
-546684420L, -739901518L, 2006685168L, 590982596L, -1048098083L, 
-1563991065L, 1025996816L, -244443858L, 2145151451L, -183718211L, 
-6038486L, 523820232L, -1239713295L, -1745045661L, 1020358500L, 
-1663138158L, -229481625L, -2028319439L, -918493578L, 893900692L, 
-548772955L, 1391219887L, -430683800L, -1764396730L, 1074940147L, 
-1587227051L, -679757262L, -1906669568L, 1433476329L, 549526363L, 
546848172L, 506504634L, 350298991L, 952464633L, 1903896974L, 
749952092L, -1332072755L, 1694566967L, -1620819776L, -141897826L, 
-2106485653L, -914410515L, 1898894938L, 1677760792L, -53926271L, 
-1510605773L, -1257076140L, -1877623198L, 1771639031L, 935723841L, 
501397958L, -505003260L, -1684527435L, 1529467295L, -1311207944L, 
-1661074474L, 247127651L, 1072750117L, -810963518L, -1559174480L, 
576432857L, -2129736629L, -629796164L, -1422389014L, 1437666591L, 
-676538967L, -877612226L, -1311109588L, 602815613L, 956745415L, 
-1542193232L, 1822773710L, 1324108539L, -1699653283L, 789523082L, 
1806489768L, 1542515729L, -1210335997L, 531763204L, -191455182L, 
-1599715193L, 1892582609L, -55321002L, -690770380L, -1398946491L, 
1544783759L, 1926935304L, -1308887770L, 1628057043L, -111302859L, 
-818336110L, -60958112L, -49382455L, -1334658309L, 873759948L, 
30121306L, 859615311L, 1122835737L, 1639061294L, 1391618364L, 
-1262985555L, 845191511L, 482482336L, 1277863422L, -1054377781L, 
-81000755L, 904860154L, 582511160L, 1098426337L, -334880621L, 
-210419020L, 920326082L, -1670349865L, -1292659679L, 1569792998L, 
1840058084L, 494279189L, 1011782207L, -1494734376L, -1842782218L, 
-66426877L, -1601682619L, -233584798L, -497162032L, -1301523463L, 
464269099L, -1578791780L, 689947338L, -991212609L, 919832329L, 
-600412130L, 1688732108L, 1771703197L, -820541913L, -2079634352L, 
144487662L, 2100605339L, 403810301L, 147809002L, 1083127176L, 
-516541647L, -1082397789L, -197428316L, -1096362414L, -1610664537L, 
-270781967L, -1879022282L, 1418677716L, -749591707L, 879192943L, 
-1137220184L, 737213190L, 1911914035L, 1821176981L, 625847538L, 
